5825487
5825900
5830116
5830414
5839669
5848465
5851924
5862219
5874160
5878399
5879416
5884424
5893457
5923092
5928373
5940182
5944307
5952978
5974803
5985091
5985965
5996260
6003143
6009232
6024890
5804571
5820228
5843237
5916901
5918156
5979409
5979911
6005227
6017414
5806970
5811303
5813148
5815707
5820225
5829758
5837876
5843591
5878271
5912546
5918053
5983100
5984559
5991475
6010466
4018382
4034666
4044744
4049156
4061193
4070940
4077669
4084082
4121851
4126908
4136529
4151603
4172133
4213701
4229399
4268741
4279666
4287358
4299220
4301308
4322520
4352062
4405996
4435692
4447216
4449503
4451181
4458547
4460944
4466746
4472942
4492399
4502597
4507078
4519304
4521387
4523476
4530753
4530987
4539818
4545354
4570428
4579098
4581641
4005224
4019792
4027274
4031340
4037514
4045063
4059008
4077592
4132186
4142352
4152555
4236889
4304782
4356190
4363147
4363162
4399250
4429385
4471767
4482919
4522485
4544128
4577317
4006003
4006624
4010066
4016320
4019901
4023600
4028160
4029170
4029728
4034002
4038419
4041387
4045514
4050380
4050821
4052166
4052255
4058339
4062427
4066949
4072657
4076612
4077252
4080089
4084895
4089406
4089540
4091333
4091914
4094544
4098065
4103302
4104886
4105249
4112741
4118456
4121969
4122508
4122547
4134099
4135353
4137432
4140440
4145740
4163596
4167211
4171422
4172371
4173871
4175168
4176440
4188139
4188203
4195139
4208002
4209529
4209801
4214301
4220221
4228899
4233768
4236052
4238755
4241255
4243783
4248059
4249423
4250364
4251120
4256039
4265886
4271328
4272058
4272953
4286689
4287580
4291144
4293671
4301081
4316815
4316974
4318606
4318847
4323218
4327686
4330098
4331536
4332357
4335394
4339879
4348212
4349337
4351075
4355223
4355802
4360090
4368335
4369061
4373282
4373618
4374724
4375617
4378353
4389082
4391814
4392568
4397463
4397955
4400148
4401442
4420634
4424262
4433516
4440629
4442149
4450381
4457913
4463739
4465982
4466883
4472161
4472666
4473415
4473904
4477594
4483054
4485239
4491462
4493642
4496651
4496804
4498757
4508873
4514167
4515868
4518247
4522321
4523030
4529507
4530739
4539591
4540118
4541667
4548095
4548288
4551353
4559093
4559628
4562999
4576415
4577122
4578520
4585515
4586200
4587282
4590580
4593292
4593847
4009154
4018423
4033760
4097340
4106556
4107611
4117398
4120094
4123409
4125297
4143118
4158925
4168554
4169994
4176889
4212668
4234824
4243258
4248901
4252574
4253860
4263398
4269687
4277180
4289599
4291851
4292736
4304355
4311188
4327326
4333727
4341305
4342205
4350308
4350465
4351186
4351236
4352840
4359488
4366827
4382471
4384697
4389524
4393884
4424952
4449924
4458860
4459926
4468923
4472894
4479689
4491283
4492292
4496555
4503933
4513315
4514399
4516871
4519137
4519287
4527706
4530821
4533480
4556169
4559195
4563353
4563836
4580326
4580401
4581190
4588196
4589295
4592272
4599491
5228716
5239586
5257160
5294212
5395191
5413260
5425810
5444229
5448387
5466005
5492492
5492725
5499862
5516327
5529667
5536270
5540739
5546238
5583431
5602926
5643076
5643584
5649979
5664804
5725789
5732658
5733077
5745073
5756218
5757201
5792450
5203478
5214767
5281398
5291832
5311692
5335344
5336900
5341785
5344412
5393530
5444718
5448581
5472674
5510014
5517005
5527486
5532476
5545635
5589769
5600087
5622382
5657118
5663660
5677602
5687692
5729859
5754174
5779827
5261493
5265471
5269358
5269698
5275064
5291209
5295737
5315957
5360805
5372372
5372987
5375167
5383854
5387118
5400137
5416319
5452981
5472835
5496797
5507160
5525483
5537131
5539089
5544421
5553424
5567161
5571157
5577127
5601137
5608413
5617689
5621148
5622048
5671336
5675104
5682042
5694994
5706472
5711914
5722899
5712096
5728949
5759464
5762117
5772402
5775959
5216838
5225907
5227550
5229320
5239916
5242793
5287149
5291177
5295715
5301294
5329440
5340618
5373316
5373962
5384472
5389799
5394688
5398653
5424904
5430840
5433546
5436276
5464279
5483522
5484244
5496255
5508644
5527340
5537258
5603838
5646522
5672516
5685966
5686644
5691688
5710052
5715006
5724351
5736861
5737381
5738635
5744747
5752279
5757726
5763150
5763245
5768615
5778915
5785026
5792897
5795678
4601257
4604951
4620173
4668365
4672862
4676372
4690951
4694926
4709818
4768661
4770306
4798154
4808419
4830193
4838118
4847137
4858578
4864730
4870126
4874431
4876588
4878725
4886219
4890990
4902874
4907148
4938051
4948531
4953372
4956263
4959629
4961629
4964314
4971394
5010235
5015936
5027593
5029411
5033172
5045718
5050226
5071972
5096515
5099092
5100050
5108166
5122688
5135723
5137661
5140098
5177674
5188197
4633025
4682029
4690881
4737089
4760175
4784597
4857074
4859880
4888577
4905579
4906994
4954523
4970232
4980754
4996786
5016070
5023731
5146280
5162302
5187752
4610616
4611169
4626749
4627744
4638871
4676085
4681968
4686103
4687880
4706287
4712260
4716331
4717220
4749218
4762678
4801254
4878440
4880718
4892710
4897952
4906418
4925119
4935650
4940243
4941792
4965549
4984528
4986053
5022255
5107548
5122273
5138084
5149163
5187036
5195295
4620001
4620994
4627897
4634230
4637968
4642278
4642443
4651374
4655568
4663434
4679186
4683327
4694552
4700602
4707239
4716634
4718549
4730617
4731835
4737340
4739081
4745447
4755775
4759068
4771457
4775348
4780778
4783097
4792296
4799171
4812094
4813032
4831849
4840537
4859571
4878968
4880174
4887016
4895506
4898984
4921384
4926952
4935896
4941602
4944427
4945076
4951265
4952539
4968744
4980046
4983921
4985214
4986837
4996581
5009494
5011038
5018926
5022127
5023729
5028340
5030812
5038807
5042885
5043496
5063752
5065840
5066821
5080403
5100411
5105365
5107888
5126536
5132519
5133905
5138401
5142891
5181949
5195161
5186455
5188425
5190052
5194682
3407820
3409671
3411944
3425065
3455635
3462173
3462222
3480495
3512065
3512239
3516454
3528194
3536297
3556259
3559537
3561194
3562901
3601455
3605646
3612255
3616188
3624739
3662406
3663483
3693626
3709857
3738513
3741870
3747212
3757785
3759997
3762306
3770318
3785181
3787392
3794128
3799157
3843382
3848345
3854375
3855124
3873128
3878185
3884080
3892314
3897583
3905035
3911335
3913240
3920131
3920725
3923341
3955232
3975759
3984705
3995298
3998068
3402940
3407864
3452573
3482896
3486336
3505650
3515839
3522087
3538252
3541797
3548960
3582032
3583792
3597944
3644420
3652194
3678886
3711403
3714527
3733937
3738428
3766962
3784478
3795612
3797019
3807340
3828484
3830857
3833002
3840496
3871478
3925590
3932229
3933914
3952930
3969578
3988640
3401023
3410355
3475156
3498155
3514806
3530765
3534893
3549844
3557577
3563164
3570215
3577438
3584506
3590511
3630078
3678082
3680586
3688095
3688336
3696792
3698259
3720622
3721429
3738894
3742347
3765959
3783192
3796978
3801164
3806040
3826832
3884488
3899064
3899627
3916858
3943731
3401865
3401882
3419094
3446760
3459871
3460671
3465248
3485868
3497318
3541904
3549010
3550504
3553140
3573685
3587029
3603355
3612464
3620228
3628176
3648613
3653348
3661154
3695119
3706549
3709317
3709643
3719111
3728040
3755394
3776907
3790341
3814694
3834724
3838897
3905368
3907665
3908799
3920418
3927299
3937609
3946863
3984085
3984499
1013310
1015527
1016728
1076030
1094239
1099293
1108428
1116068
1126586
1129400
1130631
1157055
1189576
1197070
1231870
1232022
1239199
1267996
1289759
1384625
1406222
1414950
1422474
1440604
1504886
1077797
1094623
1116643
1232775
1232832
1391590
1598977
1012655
1020440
1081565
1164958
1413561
1427056
1489502
1595683
1011100
1014941
1034285
1036967
1047560
1052617
1053757
1072310
1105390
1123532
1195954
1213061
1226776
1239051
1245355
1255877
1256633
1260878
1263171
1268218
1284520
1292351
1310780
1349182
1367032
1375693
1386557
1388973
1399183
1411866
1419134
1442984
1472913
1512698
1527788
1548814
1568259
1596588
2819842
2825248
2830765
2887509
2912368
2953587
2957212
2957936
3014577
3019650
3021875
3063376
3068797
3075808
3106602
3125263
3134466
3142279
3151234
3184362
3188392
3195858
3220050
3222537
3244324
3250537
3265002
3278447
3292318
3292495
3308059
3312794
3323978
3332337
3342545
3371070
3399311
2823053
2876744
2887322
2893684
2895834
2915364
2918624
2940135
2965479
2971703
2992383
3029179
3037988
3042691
3047499
3059816
3059833
3110736
3131372
3134533
3137802
3171154
3189925
3223552
3251680
3255163
3296396
3330714
3334658
3385790
2800854
2810032
2823389
2826676
2831400
2840902
2866249
2882742
2912105
2939430
2946075
2959249
2985831
2994221
3022704
3044539
3057301
3079207
3097622
3126087
3136495
3142146
3145390
3148387
3151797
3175226
3192114
3220175
3226170
3232767
3236498
3238890
3239614
3240584
3248765
3254727
3258868
3261838
3285340
3286437
3315071
3315268
3316593
3356618
3394170
2809893
2816901
2822492
2837747
2851477
2855901
2864721
2867834
2881088
2884858
2886596
2890295
2911144
2935605
3027235
3028987
3045920
3057692
3064889
3096991
3163394
3172539
3180578
3199284
3204900
3222642
3232622
3252670
3259184
3262749
3268461
3277383
3282173
3292157
3300559
3309995
3361299
2225258
2235353
2248612
2318397
2327270
2341195
2341663
2383360
2385890
2393673
2398690
2403786
2404738
2423748
2426621
2440444
2448883
2481042
2484639
2485741
2502213
2530354
2535402
2548507
2555303
2576553
2579794
2585299
2598099
2615971
2618622
2619068
2640850
2691293
2717548
2747944
2751580
2770238
2789306
2795581
2232001
2286693
2348463
2348967
2383257
2433683
2437408
2473365
2486499
2573773
2589354
2626110
2641926
2655129
2679713
2796657
2226010
2235210
2274402
2329833
2432729
2440500
2448362
2559330
2566768
2667174
2667454
2742887
2221548
2229853
2259232
2268629
2272897
2295118
2300007
2329214
2332551
2346227
2353644
2356706
2357861
2357927
2371522
2371795
2376760
2377961
2381277
2383639
2403731
2403773
2419487
2432500
2436294
2437276
2454699
2464663
2476375
2509506
2518218
2521068
2523325
2542445
2598789
2599432
2614140
2639173
2639516
2653154
2665577
2679080
2702032
2703602
2707580
2738251
2742226
2760109
2791091
